rawdata/1.bmp 8 347 153 173 139 186 19 178 133 126 136 166 140 491 204 141 148 367 274 154 114 532 341 168 108
rawdata/2010-12-07-05-26-38_1291641998.bmp 7 242 134 128 101 109 237 101 90 145 344 94 85 317 302 95 112 539 53 107 99 412 370 99 97 584 450 64 57
rawdata/244sub_travel_9.bmp 4 199 251 116 102 574 330 94 88 308 308 99 109 376 326 117 125
rawdata/2844-960x960.bmp 7 72 374 243 221 150 160 269 231 367 138 241 209 622 88 205 209 577 202 187 236 287 336 245 213 2 536 169 133
rawdata/2979.bmp 6 65 341 305 289 419 274 247 251 124 183 283 243 340 154 213 184 621 25 187 179 159 604 258 134
rawdata/45677.bmp 4 85 110 297 263 250 257 273 306 455 117 313 283 705 155 194 277
rawdata/47_2.bmp 5 53 214 160 172 123 59 183 172 293 78 166 168 188 196 178 161 37 4 202 109
rawdata/6104689538_2581252714_b.bmp 2 448 318 105 113 551 325 103 99
rawdata/7807503254_9d54ae414f_z.bmp 7 378 230 138 127 265 77 165 123 259 194 121 115 137 64 136 109 68 120 144 121 421 83 61 56 303 309 110 88
rawdata/860929755-little-switzerland-ripe-condition-apple-tree-apple-fruit.bmp 4 74 37 117 124 192 61 110 122 300 87 95 105 274 187 132 88
rawdata/905496294_885.bmp 3 66 164 283 304 339 122 349 297 148 10 203 159
rawdata/anna-apple.bmp 4 75 174 199 209 259 215 170 171 95 170 189 215 257 214 166 183
rawdata/apple-tree-1.bmp 6 97 67 186 218 247 150 252 262 330 326 245 229 553 316 223 267 427 58 215 263 255 12 206 174
rawdata/apple-tree-1262424_960_720.bmp 3 301 293 296 307 571 252 285 282 427 116 267 213
rawdata/Apple-Tree-With-Green-Apples.bmp 3 287 312 377 387 632 159 341 368 312 1 395 316
rawdata/apple-tree.bmp 6 458 16 243 274 180 116 252 217 365 165 193 221 405 381 210 197 192 557 205 177 600 412 232 251
rawdata/APPLE.bmp 3 45 46 363 355 322 207 382 377 817 368 170 233
rawdata/applelele.bmp 7 57 216 148 154 174 171 149 166 380 197 117 136 457 159 155 145 535 95 195 147 395 366 93 95 313 320 106 101
rawdata/apples-photos--big-green-apples-on-tree--close-up-94309.bmp 2 322 237 179 194 100 79 188 214
rawdata/Apple_tree_Alamy_3400740b.bmp 3 145 155 183 189 268 32 213 184 1 144 101 156
rawdata/apple_tree_green_188c6l8-188c6ne.bmp 4 177 58 180 180 340 116 182 185 164 207 199 115 267 0 221 120
rawdata/bevans3.bmp 2 563 347 364 343
rawdata/Bonsai-tree.bmp 6 322 118 154 167 206 12 171 159 167 145 155 151 38 224 156 136 212 301 76 56 14 231 92 76
rawdata/CroppedImage910400-golden-delicious-apples-495-400.bmp 13 2 132 82 107 177 90 104 89 349 88 136 142 285 9 118 106 474 99 115 123 246 229 152 111 351 287 145 110 110 288 138 113 247 345 137 74 624 33 171 164 683 162 165 146 572 123 109 102 599 350 115 79
rawdata/Delikates_apple_cultivar.bmp 6 70 240 380 350 483 273 299 348 805 387 291 303 208 113 310 264 490 126 231 228 249 477 340 258
rawdata/E12812977-14.bmp 3 113 48 233 253 223 185 292 282 569 271 299 303
rawdata/easy-apple-recipes-for-fall.bmp 5 89 10 248 191 297 193 213 217 106 313 233 177 535 294 152 172 409 484 196 82
rawdata/Fresh-ripe-apples-on-tree-in-Kasauli.bmp 14 180 29 91 80 144 85 87 77 241 165 75 52 271 232 59 56 190 284 43 52 221 285 69 69 140 329 62 47 306 315 79 72 336 241 59 63 21 142 43 43 52 240 35 34 73 287 45 35 330 379 58 53 555 152 49 56
rawdata/fruit_apple_apple-tree_wallpaper_apple_07.bmp 7 369 184 174 174 158 335 172 134 216 502 129 134 482 430 136 164 620 543 132 136 791 82 115 122 872 650 79 84
rawdata/fruit_apple_apple-tree_wallpaper_ea60142.bmp 9 352 296 234 238 5 374 207 310 399 522 248 248 762 6 240 254 857 492 218 221 342 281 229 247 385 531 255 234 1 388 222 294 778 19 218 262
rawdata/Gala-2015-2-1024x768.bmp 3 280 209 356 324 537 360 161 192 501 526 174 121
rawdata/Golden-Delicious-Apple-1-1024x685.bmp 1 224 34 156 153
rawdata/golden-delicious-apples-495-400.bmp 8 187 142 73 72 117 281 110 87 253 26 117 73 267 156 58 52 201 255 85 83 319 284 63 51 86 131 63 64 401 64 63 61
rawdata/granny-smith-apples.bmp 4 37 202 200 181 409 471 179 174 478 226 199 176 695 46 221 222
rawdata/green-apple-tree.bmp 5 549 157 280 282 334 271 281 272 586 416 260 234 400 527 277 207 757 532 198 219
rawdata/green_app.bmp 5 157 90 185 164 452 191 161 150 624 267 134 132 689 294 187 185 159 435 172 120
rawdata/IMG_0768.bmp 3 135 257 382 390 589 272 298 316 0 58 137 167
rawdata/IMG_1951.bmp 4 80 357 211 218 288 360 195 212 444 183 294 303 619 355 255 265
rawdata/img_2017.bmp 3 370 380 262 255 301 125 282 264 176 324 231 261
rawdata/img_6237.bmp 11 122 45 105 95 40 29 125 102 88 118 121 103 448 351 187 172 614 292 176 191 484 515 190 194 111 372 103 77 130 449 88 76 201 411 84 66 659 499 195 185 89 425 62 58
rawdata/img_6479-001-e1378168705770.bmp 1 290 176 424 376
rawdata/Mcintosh_Apple_Tree_450_3.bmp 5 172 46 176 150 96 116 157 152 232 202 157 140 191 311 154 134 30 259 183 151
rawdata/PinkLady-apple-tree-23.bmp 4 548 163 268 249 405 34 236 236 698 283 213 208 600 436 210 210
rawdata/prune_my_wild_apple_trees.bmp 12 248 212 96 111 319 223 129 112 286 494 130 123 107 417 150 114 8 412 113 129 29 527 137 119 76 183 128 117 52 22 106 103 403 31 146 132 436 152 143 121 471 374 98 133
rawdata/static1.bmp 2 203 158 201 205 84 32 209 217
rawdata/stockvault-green-apples100101.bmp 3 276 304 249 250 54 351 255 274 609 185 177 186
rawdata/sturmer-pippins.bmp 3 17 111 480 420 642 625 481 450 348 607 441 257
rawdata/tc_0048-1.bmp 5 256 80 209 198 500 199 236 181 160 484 249 198 8 588 191 176 251 288 244 195
rawdata/the-apple-tree-thumb.bmp 2 42 51 224 187 42 51 224 187
rawdata/urban-apple-tree.bmp 4 93 41 207 167 70 208 187 127 81 348 203 182 230 267 139 144
