rawdata/1460105322_1756a2ed7f.bmp 4 8 161 171 191 314 32 144 217 128 108 171 211 100 8 163 184
rawdata/2009-09-15_23-09-46_utc-strawberries.bmp 5 6 96 111 123 70 24 85 94 188 33 95 107 463 250 89 88 562 230 124 106
rawdata/3007.bmp 2 255 133 97 114 67 93 75 87
rawdata/6497592197_d4a363c418_b.bmp 2 143 598 151 147 323 544 172 391
rawdata/8.bmp 7 5 505 141 149 165 414 247 199 397 447 227 252 583 430 200 194 871 88 171 184 706 226 192 203 747 490 149 139
rawdata/ar130598387413248.bmp 5 38 62 93 124 76 168 84 100 127 214 135 106 157 108 133 110 276 125 108 95
rawdata/berryfieldB1.bmp 6 247 258 265 176 408 182 196 165 558 306 204 139 239 501 214 139 695 350 241 220
rawdata/Dalat_Strawberry_garden.bmp 9 378 234 89 110 449 249 103 107 272 288 42 92 314 303 55 101 126 120 66 79 406 327 58 83 108 266 38 54 42 198 49 50 33 248 63 54
rawdata/DSC_0041.bmp 4 208 408 130 70 194 305 120 77 104 353 107 86 170 273 102 57
rawdata/FARstevenson_6.bmp 4 384 180 119 100 74 143 96 101 214 177 87 85 392 87 80 60
rawdata/image_0101.bmp 5 703 112 195 228 711 397 169 192 547 355 180 229 322 476 215 255 124 171 127 154
rawdata/IMG_0954.bmp 5 602 403 205 205 454 135 170 170 320 468 144 159 198 2 154 76 821 568 215 217
rawdata/img_2304.bmp 2 0 428 203 198 409 296 194 162
rawdata/IMG_5392.bmp 3 77 141 95 154 427 166 112 121 380 23 88 94
rawdata/img_8094_two.bmp 3 62 316 263 141 293 254 206 300 437 315 304 304
rawdata/iStock-strawberries-closeup-web.bmp 4 508 172 352 215 617 371 264 194 799 183 215 248 638 36 272 146
rawdata/maxresdefault-1.bmp 1 911 552 527 296
rawdata/memorial-day-and-fifer-orchards-079.bmp 1 336 138 352 328
rawdata/midorikawa-strawberry-farm_228041.bmp 8 417 216 133 197 126 166 160 144 250 213 110 136 17 92 121 111 105 129 112 135 37 18 121 106 236 128 179 111
rawdata/NC-Strawberries.bmp 4 369 285 233 218 273 371 185 210 127 183 222 287 150 438 166 210
rawdata/p1050832-1.bmp 4 155 570 196 134
rawdata/PickYourOwnStrawberries.bmp 2 178 51 171 156 299 101 163 182
rawdata/SpringStrawberries.bmp 3 270 17 215 274 204 279 132 142 151 182 131 147
rawdata/strawberries-1.bmp 2 421 334 329 286 782 408 332 410
rawdata/strawberries-polytunnel.bmp 3 934 678 52 100 902 574 188 187
rawdata/strawberries-rd-1024x768.bmp 4 94 338 273 322 653 494 235 252 788 301 240 296 214 185 220 217
rawdata/strawberries.bmp 13 291 132 125 123 53 228 192 168 339 218 199 165 213 235 138 148 52 426 230 200 207 560 241 204 486 451 219 260 650 493 231 184 718 355 156 179 817 327 141 144 736 143 155 144 680 264 128 134 814 29 133 131
rawdata/Strawberry-Close-up.bmp 4 625 290 261 332 473 474 245 246 150 96 178 169 190 549 131 118
rawdata/strawberry-picking-at.bmp 3 215 319 89 115 111 296 111 149 43 255 100 128
rawdata/strawberryplant.bmp 3 30 177 153 175 130 116 165 228 310 30 156 212
rawdata/strawberryplants.bmp 4 34 163 145 161 344 109 183 141 499 149 126 113 388 232 164 131
rawdata/strawberry_-014_01_zoom.bmp 2 139 70 367 400 494 158 289 308
rawdata/yum.bmp 5 619 317 114 121 413 277 95 81 323 298 107 102 257 256 93 97 253 159 111 117
